0 0.20078125 0.6046875 0.1203125 0.1
0 0.42109375 0.6765625 0.11015625 0.06875
0 0.59453125 0.9359375 0.10546875 0.0796875
0 0.753125 0.97890625 0.07109375 0.0421875
0 0.90859375 0.9671875 0.1109375 0.065625
0 0.65078125 0.69140625 0.04921875 0.05234375
0 0.0625 0.65859375 0.07109375 0.03203125
0 0.07890625 0.60546875 0.0515625 0.04296875
0 0.12265625 0.54140625 0.04765625 0.01328125
0 0.5921875 0.54765625 0.04921875 0.0453125
0 0.89609375 0.65 0.03203125 0.06640625
0 0.95703125 0.703125 0.05703125 0.05546875