0 0.32421875 0.76484375 0.359375 0.2703125
0 0.68359375 0.7734375 0.3484375 0.2875
0 0.6359375 0.5875 0.31796875 0.2296875
0 0.31875 0.5703125 0.31015625 0.18125
0 0.3234375 0.403125 0.30546875 0.146875
0 0.63984375 0.4015625 0.30078125 0.18203125
0 0.6015625 0.26484375 0.28984375 0.1109375
0 0.3125 0.246875 0.29140625 0.13984375
0 0.44921875 0.93984375 0.32265625 0.1203125
0 0.8125 0.94140625 0.375 0.1171875
0 0.93125 0.7578125 0.13671875 0.234375
0 0.8921875 0.5546875 0.21484375 0.1640625
0 0.89609375 0.42109375 0.2078125 0.1375
0 0.8765625 0.29375 0.246875 0.1625
0 0.621875 0.15625 0.2640625 0.12109375
0 0.365625 0.14609375 0.2671875 0.11484375
0 0.11015625 0.1328125 0.21953125 0.159375
0 0.08046875 0.2765625 0.1609375 0.11484375
0 0.08515625 0.396875 0.1609375 0.146875
0 0.0796875 0.54921875 0.159375 0.18515625
0 0.08203125 0.76953125 0.1640625 0.25
0 0.86328125 0.171875 0.2734375 0.140625
0 0.73515625 0.0515625 0.1796875 0.075