0 0.4671875 0.3875 0.23515625 0.2578125
0 0.240625 0.38984375 0.21875 0.26953125
0 0.22109375 0.68828125 0.2578125 0.275
0 0.48046875 0.675 0.21640625 0.30625
0 0.6671875 0.3578125 0.146875 0.23828125
0 0.8453125 0.38515625 0.171875 0.2921875
0 0.6515625 0.6578125 0.16875 0.3109375
0 0.8796875 0.66015625 0.2078125 0.23125
0 0.80703125 0.91875 0.24453125 0.1625
0 0.6234375 0.915625 0.23828125 0.16796875
0 0.4140625 0.925 0.240625 0.14921875
0 0.2015625 0.921875 0.16796875 0.15625
0 0.078125 0.68671875 0.15390625 0.2578125
0 0.0734375 0.3984375 0.1453125 0.27421875
0 0.07265625 0.13359375 0.11640625 0.24453125
0 0.2484375 0.1234375 0.16875 0.246875
0 0.46171875 0.115625 0.19765625 0.215625
0 0.6484375 0.1015625 0.140625 0.203125
0 0.84375 0.109375 0.175 0.21015625