0 0.32421875 0.44609375 0.190625 0.3046875
0 0.24140625 0.6109375 0.2390625 0.3265625
0 0.6125 0.6125 0.246875 0.3109375
0 0.85703125 0.62578125 0.253125 0.2921875
0 0.55625 0.86640625 0.31640625 0.26640625
0 0.23515625 0.8609375 0.22109375 0.22890625
0 0.853125 0.86875 0.29296875 0.26171875
0 0.61484375 0.15625 0.16015625 0.1078125
0 0.27890625 0.1546875 0.13828125 0.11171875
0 0.25078125 0.296875 0.16796875 0.19453125
0 0.421875 0.33359375 0.1640625 0.203125
0 0.5609375 0.36015625 0.15546875 0.190625
0 0.7171875 0.44296875 0.18125 0.16796875
0 0.82734375 0.3640625 0.21328125 0.1859375