0 0.753125 0.3625 0.234375 0.2859375
0 0.60546875 0.6640625 0.28359375 0.303125
0 0.3 0.6828125 0.325 0.25625
0 0.09921875 0.56640625 0.1984375 0.23828125
0 0.18125 0.921875 0.35546875 0.15625
0 0.4875 0.8890625 0.3625 0.221875
0 0.86171875 0.86015625 0.27578125 0.2796875
0 0.86875 0.634375 0.26171875 0.20703125
0 0.56171875 0.35859375 0.18359375 0.2140625
0 0.428125 0.325 0.13046875 0.16015625
0 0.296875 0.35703125 0.14921875 0.10546875
0 0.215625 0.390625 0.15546875 0.0953125
0 0.25234375 0.509375 0.2421875 0.125
0 0.0765625 0.38671875 0.1515625 0.11953125
0 0.9265625 0.40234375 0.146875 0.2828125