0 0.4015625 0.29921875 0.1234375 0.146875
0 0.42734375 0.453125 0.1625 0.121875
0 0.29609375 0.6796875 0.1859375 0.15859375
0 0.103125 0.65390625 0.12578125 0.08828125
0 0.13828125 0.40859375 0.12421875 0.12421875
0 0.1265625 0.27890625 0.1265625 0.1453125
0 0.15546875 0.125 0.1203125 0.14375
0 0.55 0.1375 0.16015625 0.17578125
0 0.5296875 0.2984375 0.1390625 0.1578125
0 0.58984375 0.46875 0.175 0.1734375
0 0.675 0.625 0.14375 0.17265625
0 0.65 0.83515625 0.171875 0.21640625
0 0.8234375 0.878125 0.19921875 0.225
0 0.81875 0.65859375 0.15078125 0.18828125
0 0.85546875 0.4671875 0.146875 0.1765625
0 0.81015625 0.29921875 0.17265625 0.1734375
0 0.83984375 0.11953125 0.153125 0.159375
0 0.7 0.10859375 0.16015625 0.15625
0 0.40703125 0.1515625 0.134375 0.11796875
0 0.28125 0.11953125 0.1296875 0.13828125
0 0.27578125 0.4296875 0.1265625 0.14140625
0 0.5109375 0.6265625 0.17265625 0.15703125