0 0.359375 0.46015625 0.22109375 0.1296875
0 0.59140625 0.43515625 0.17734375 0.165625
0 0.5875 0.59609375 0.22265625 0.14765625
0 0.36171875 0.61484375 0.2328125 0.140625
0 0.29296875 0.74375 0.278125 0.125
0 0.6046875 0.865625 0.27578125 0.146875
0 0.78125 0.471875 0.2 0.140625
0 0.6203125 0.28203125 0.196875 0.1515625
0 0.44296875 0.20390625 0.2 0.09921875
0 0.41875 0.2984375 0.17109375 0.07421875
0 0.2578125 0.30703125 0.18046875 0.096875
0 0.18203125 0.415625 0.12734375 0.1
0 0.17421875 0.6359375 0.1828125 0.0984375
0 0.0859375 0.7625 0.171875 0.14921875
0 0.1046875 0.91640625 0.2 0.14453125
0 0.3609375 0.915625 0.25078125 0.1421875
0 0.87421875 0.8625 0.2484375 0.16640625
0 0.88828125 0.58671875 0.2234375 0.1515625
0 0.8328125 0.3609375 0.140625 0.11484375
0 0.82578125 0.259375 0.17734375 0.11875
0 0.7890625 0.16171875 0.20234375 0.0796875
0 0.61796875 0.17578125 0.1796875 0.08203125
0 0.41015625 0.10859375 0.2 0.08515625
0 0.29609375 0.2078125 0.1734375 0.08203125
0 0.12109375 0.2125 0.20703125 0.10390625
0 0.93671875 0.70625 0.1265625 0.1015625
0 0.759375 0.715625 0.16171875 0.13359375
0 0.93125 0.165625 0.13671875 0.12109375
0 0.7171875 0.09453125 0.16875 0.08828125
0 0.215625 0.12734375 0.1609375 0.09609375