0 0.3078125 0.1546875 0.196875 0.1578125
0 0.1265625 0.28046875 0.24375 0.2015625
0 0.12890625 0.571875 0.2578125 0.20703125
0 0.3234375 0.7203125 0.2015625 0.2078125
0 0.70078125 0.72578125 0.22734375 0.24453125
0 0.6796875 0.43125 0.225 0.21640625
0 0.65859375 0.1515625 0.259375 0.15703125
0 0.49375 0.27890625 0.2296875 0.21015625
0 0.8921875 0.8828125 0.21484375 0.234375
0 0.86796875 0.28046875 0.2640625 0.2140625
0 0.87265625 0.56796875 0.2546875 0.2296875
0 0.30625 0.42109375 0.2390625 0.20234375
0 0.14453125 0.07578125 0.22109375 0.14296875
0 0.134375 0.890625 0.25625 0.21875