0 0.29453125 0.39375 0.1109375 0.12734375
0 0.4796875 0.453125 0.084375 0.0828125
0 0.625 0.45546875 0.1140625 0.12109375
0 0.42734375 0.59765625 0.1234375 0.13203125
0 0.6609375 0.59765625 0.13359375 0.13203125
0 0.596875 0.71953125 0.1359375 0.10859375
0 0.55625 0.82421875 0.13359375 0.1296875
0 0.48671875 0.95546875 0.13828125 0.06640625
0 0.22421875 0.596875 0.1078125 0.11640625
0 0.128125 0.584375 0.11015625 0.10546875
0 0.11953125 0.415625 0.13203125 0.11328125
0 0.27109375 0.47578125 0.1359375 0.1234375
0 0.084375 0.70625 0.1203125 0.14765625
0 0.26875 0.7015625 0.1375 0.11875
0 0.35625 0.76484375 0.13046875 0.153125