0 0.2171875 0.18203125 0.0671875 0.08203125
0 0.1671875 0.86640625 0.1359375 0.12265625
0 0.3203125 0.9546875 0.1328125 0.08984375
0 0.48125 0.9578125 0.1140625 0.084375
0 0.6796875 0.9 0.1078125 0.1046875
0 0.8328125 0.76875 0.1015625 0.07109375
0 0.72578125 0.65859375 0.08203125 0.096875
0 0.6625 0.7203125 0.0859375 0.07734375
0 0.5078125 0.8015625 0.08828125 0.07109375
0 0.70703125 0.43046875 0.05 0.0453125
0 0.771875 0.51953125 0.0890625 0.0796875
0 0.8703125 0.51171875 0.078125 0.090625
0 0.85 0.60546875 0.10234375 0.0890625
0 0.85703125 0.7171875 0.07109375 0.0578125
0 0.93359375 0.71875 0.0875 0.08828125
0 0.81484375 0.2859375 0.0640625 0.05625