9 0.11171875 0.1734375 0.15546875 0.234375
9 0.3390625 0.15078125 0.2 0.253125
9 0.58359375 0.15546875 0.2015625 0.23046875
9 0.78984375 0.16875 0.1703125 0.27734375
9 0.45703125 0.37734375 0.215625 0.19921875
9 0.234375 0.40625 0.1796875 0.2109375
9 0.1171875 0.59296875 0.19296875 0.2140625
9 0.21328125 0.81484375 0.20859375 0.221875
9 0.47265625 0.81015625 0.1625 0.21796875
9 0.3390625 0.596875 0.16875 0.228125
9 0.56640625 0.5953125 0.1796875 0.2703125
9 0.7953125 0.60390625 0.17578125 0.2359375
9 0.68984375 0.39609375 0.16640625 0.2359375
9 0.921875 0.3984375 0.15625 0.234375
9 0.89140625 0.8265625 0.2171875 0.21171875
9 0.70703125 0.84453125 0.18046875 0.2484375