9 0.07265625 0.42109375 0.11640625 0.1375
9 0.60390625 0.33828125 0.0734375 0.134375
9 0.75703125 0.49609375 0.10546875 0.09140625
9 0.53515625 0.7046875 0.1625 0.13515625
9 0.29453125 0.7140625 0.07109375 0.13125
9 0.0765625 0.8859375 0.13828125 0.16171875
9 0.7890625 0.88984375 0.17578125 0.1890625
9 0.94296875 0.4265625 0.11171875 0.109375
9 0.73359375 0.1796875 0.11015625 0.09609375
9 0.39765625 0.20078125 0.09609375 0.13203125
9 0.43515625 0.0875 0.1125 0.1015625
9 0.1046875 0.1375 0.121875 0.11015625
9 0.85703125 0.03984375 0.1375 0.07890625
9 0.609375 0.5625 0.16171875 0.11953125
9 0.6734375 0.72265625 0.09453125 0.146875
9 0.53203125 0.8640625 0.11796875 0.13125
9 0.375 0.3390625 0.10234375 0.1234375