9 0.28359375 0.325 0.25859375 0.1734375
9 0.2515625 0.50625 0.26640625 0.17109375
9 0.2453125 0.68203125 0.253125 0.17109375
9 0.18359375 0.86953125 0.29375 0.2078125
9 0.52109375 0.89609375 0.3171875 0.2078125
9 0.5046875 0.7015625 0.2453125 0.209375
9 0.5171875 0.53359375 0.21171875 0.17265625
9 0.50625 0.36875 0.203125 0.14296875
9 0.7734375 0.7171875 0.22890625 0.1953125
9 0.8234375 0.90390625 0.25859375 0.19140625
9 0.84375 0.453125 0.16171875 0.15546875
9 0.82421875 0.340625 0.18828125 0.13828125
9 0.81171875 0.22421875 0.1953125 0.10703125
9 0.8046875 0.14296875 0.20078125 0.06875
9 0.86875 0.59296875 0.17265625 0.1359375
9 0.6453125 0.346875 0.16875 0.125
9 0.33203125 0.0953125 0.1921875 0.16875
9 0.1171875 0.071875 0.234375 0.1375
9 0.1671875 0.2078125 0.26640625 0.165625
9 0.08203125 0.37109375 0.1640625 0.15625
9 0.0640625 0.515625 0.09921875 0.14375
9 0.53125 0.06796875 0.22734375 0.1203125
9 0.61953125 0.23828125 0.16875 0.078125
9 0.80234375 0.05859375 0.17578125 0.1078125
9 0.9546875 0.1828125 0.090625 0.07109375
9 0.97578125 0.3578125 0.0484375 0.1078125
9 0.690625 0.59140625 0.18125 0.13203125