2 0.7557034220532319 0.7831185897435897 0.11961264258555132 0.4145288461538461
2 0.8056083650190115 0.6573173076923077 0.10535408745247148 0.36484935897435894
2 0.8372932509505703 0.5373942307692308 0.09901853612167301 0.2948717948717949
2 0.8404634030418251 0.4577980769230769 0.11644486692015209 0.25106730769230773
2 0.8454134980988594 0.36645192307692304 0.11367157794676806 0.20299038461538463
2 0.8339282319391635 0.3092948717948718 0.1033745247148289 0.21688141025641025
2 0.8083816539923955 0.28632371794871797 0.08079847908745247 0.3376057692307692
2 0.7695651140684411 0.22222115384615385 0.08238355513307985 0.29273397435897436
2 0.6341088403041825 0.14770192307692306 0.06970769961977186 0.255875
2 0.5893536121673004 0.13595192307692308 0.06099572243346008 0.21955128205128205
2 0.5434101711026617 0.13354807692307694 0.07842205323193917 0.23076923076923078
2 0.497861216730038 0.11939102564102565 0.07763070342205323 0.23771474358974357
2 0.4372623574144487 0.10576923076923077 0.06574857414448669 0.21153846153846154
2 0.3980513307984791 0.09268269230769231 0.053866444866920146 0.1842948717948718
2 0.6927281368821293 0.1768173076923077 0.0396078897338403 0.2467948717948718
2 0.7254039923954373 0.1880352564102564 0.0685194866920152 0.26282051282051283