2 0.11961264258555132 0.9089198717948718 0.12911834600760458 0.18215705128205129
2 0.21942252851711028 0.9001057692307692 0.14812975285171104 0.19978525641025643
2 0.3103208174904943 0.8848814102564102 0.11367157794676806 0.23023397435897439
2 0.39013070342205325 0.8776698717948718 0.10931558935361217 0.24465705128205129
2 0.49548479087452474 0.7900641025641025 0.0966421102661597 0.2553429487179487
2 0.5735099809885932 0.7361121794871796 0.07208412547528517 0.24358974358974358
2 0.631337927756654 0.6757467948717949 0.0594106463878327 0.22542628205128207
2 0.6907485741444868 0.599625 0.0594106463878327 0.23664423076923077
2 0.7644177756653993 0.5277788461538462 0.06416349809885931 0.26282051282051283
2 0.8164995247148289 0.4794326923076923 0.06218393536121673 0.2526698717948718
2 0.8523455323193917 0.4326923076923077 0.0594106463878327 0.22008653846153844
2 0.8974976235741445 0.3696570512820513 0.06891634980988594 0.23504166666666668
2 0.938490969581749 0.3434839743589744 0.06535171102661597 0.2467948717948718
2 0.9766706273764258 0.2975416666666667 0.04665636882129278 0.1805544871794872