2 0.0815898288973384 0.8597756410256411 0.10535408745247148 0.23771474358974357
2 0.14100047528517112 0.8712596153846154 0.09584838403041825 0.23183653846153848
2 0.20556083650190113 0.8755352564102564 0.11565351711026617 0.22756410256410256
2 0.28754752851711024 0.8744647435897436 0.11802994296577947 0.25106730769230773
2 0.37408982889733844 0.865650641025641 0.09862167300380228 0.255875
2 0.491523288973384 0.8279903846153845 0.10139496197718631 0.27564102564102566
2 0.5687571292775665 0.7740384615384616 0.0815898288973384 0.28739423076923076
2 0.6317324144486692 0.719551282051282 0.06970769961977186 0.26816346153846154
2 0.680449144486692 0.6800224358974359 0.06099572243346008 0.23397435897435898
2 0.7208483840304183 0.5977564102564102 0.06099572243346008 0.26816346153846154
2 0.7465945817490495 0.5261762820512821 0.057034220532319393 0.1955128205128205
2 0.7507533269961978 0.4375 0.05109315589353612 0.08867628205128206