2 0.36577233840304185 0.4855769230769231 0.027328897338403043 0.09508653846153847
2 0.34537309885931555 0.5395288461538461 0.08000712927756655 0.04914423076923077
2 0.34379039923954374 0.5705128205128205 0.07842205323193917 0.03418910256410256
2 0.343393536121673 0.5982916666666667 0.08871910646387832 0.03205128205128205
2 0.34200807984790876 0.6332788461538461 0.08436311787072244 0.028310897435897434
2 0.3400261406844106 0.6623942307692308 0.08357176806083651 0.038461538461538464
2 0.34537309885931555 0.6944455128205128 0.09901853612167301 0.038461538461538464
2 0.34616682509505703 0.7419871794871795 0.09743346007604563 0.030983974358974358
2 0.35032557034220535 0.7638878205128204 0.09624524714828897 0.023503205128205126
2 0.7386715779467681 0.8421474358974359 0.13941777566539923 0.08066346153846153
2 0.6388616920152091 0.8373397435897436 0.05861929657794677 0.07745833333333332
2 0.5897504752851711 0.8349358974358975 0.03326996197718631 0.06944551282051281
2 0.5527162547528517 0.8360032051282051 0.038419676806083644 0.07158012820512821
2 0.5184576996197718 0.8402788461538462 0.02376425855513308 0.0673076923076923