2 0.23288973384030418 0.47302243589743587 0.08475998098859316 0.21420833333333333
2 0.26754515209125473 0.5149583333333334 0.08990731939163497 0.21153846153846154
2 0.3075499049429658 0.5547532051282051 0.09386882129277567 0.22382371794871797
2 0.39171340304182506 0.6164519230769231 0.08871910646387832 0.2478621794871795
2 0.464194391634981 0.6372852564102564 0.08634268060836502 0.2638878205128205
2 0.5394486692015209 0.6436955128205128 0.07683697718631179 0.2574775641025641
2 0.6234149239543726 0.6559839743589744 0.07525427756653993 0.23717948717948717
2 0.727583174904943 0.6212596153846154 0.09980988593155894 0.2574775641025641
2 0.8063997148288973 0.6028301282051282 0.11327709125475285 0.23664423076923077
2 0.8828422053231939 0.5763878205128204 0.10773051330798479 0.2382467948717949
2 0.9483531368821293 0.524573717948718 0.10329610266159696 0.25