2 0.5172694866920152 0.5173621794871796 0.10218631178707224 0.3926282051282051
2 0.4289448669201521 0.39316346153846154 0.07763070342205323 0.2948717948717949
2 0.39290161596958173 0.3715288461538462 0.06257842205323194 0.2676282051282051
2 0.36676093155893535 0.34615384615384615 0.05307271863117871 0.29059935897435896
2 0.34319629277566543 0.3295929487179487 0.06059885931558935 0.24465705128205129
2 0.8359077946768061 0.17120833333333332 0.028913973384030418 0.14262820512820512
2 0.8598692965779468 0.16292628205128204 0.025349334600760456 0.12286217948717948
2 0.8788807034220533 0.16506410256410256 0.025349334600760456 0.13354807692307694
2 0.9018536121673004 0.16025641025641027 0.022179182509505704 0.1175224358974359
2 0.9159149239543727 0.15918910256410257 0.024952471482889736 0.11538461538461539
2 0.9315589353612167 0.15705128205128205 0.02455560836501901 0.13034294871794871
2 0.9491848859315589 0.15651602564102562 0.024952471482889736 0.11004166666666666