2 0.6812428707224335 0.8282596153846155 0.09743346007604563 0.25801282051282054
2 0.6784695817490495 0.6642628205128205 0.068125 0.16079166666666667
2 0.6863902091254752 0.573451923076923 0.060201996197718634 0.14583333333333334
2 0.693125 0.5149583333333334 0.0594106463878327 0.14102564102564102
2 0.6970841254752852 0.4543269230769231 0.06257842205323194 0.15117628205128206
2 0.08713640684410646 0.1784198717948718 0.06891634980988594 0.1346153846153846
2 0.12060361216730038 0.18082371794871793 0.08119534220532319 0.14262820512820512
2 0.1588236692015209 0.18135576923076924 0.06970769961977186 0.1372852564102564
2 0.1867466730038023 0.18135576923076924 0.07089591254752851 0.15010576923076924
2 0.21466967680608365 0.17761858974358974 0.07683697718631179 0.14262820512820512
2 0.258833174904943 0.19230769230769232 0.0724809885931559 0.14316346153846154
2 0.28576520912547526 0.18269230769230768 0.05980750950570342 0.14316346153846154
2 0.3196292775665399 0.18162499999999998 0.07287785171102662 0.14743589743589744
2 0.36735503802281366 0.18108974358974358 0.07564876425855513 0.16559935897435896
2 0.41547766159695815 0.18135576923076924 0.060201996197718634 0.15010576923076924
2 0.4517181558935361 0.18162499999999998 0.06376663498098858 0.15384615384615385
2 0.48954372623574144 0.177349358974359 0.06099572243346008 0.16452884615384616
2 0.64453125 0.3305939503205128 0.64453125 0.3121544471153846 0.65234375 0.29634915865384615 0.65234375 0.2752754407051282 0.65625 0.27000701121794873 0.65625 0.24893329326923078 0.654296875 0.24629907852564104 0.654296875 0.2331280048076923 0.65234375 0.23049379006410256 0.65234375 0.22259114583333334 0.6474609375 0.21600560897435897 0.6455078125 0.21600560897435897 0.640625 0.2094200721153846 0.640625 0.20151742788461538 0.6357421875 0.194931891025641 0.6259765625 0.194931891025641 0.619140625 0.20415164262820512 0.619140625 0.2199569310897436 0.615234375 0.22522536057692308 0.615234375 0.22785957532051282 0.611328125 0.23576221955128204 0.611328125 0.2436648637820513 0.615234375 0.2515675080128205 0.615234375 0.26473858173076925 0.6171875 0.26737279647435896 0.6171875 0.2805438701923077 0.619140625 0.2831780849358974 0.619140625 0.29108072916666666 0.62109375 0.29371494391025643 0.62109375 0.29634915865384615 0.625 0.3016175881410256 0.625 0.3042518028846154 0.6328125 0.31478866185897436 0.6328125 0.31742287660256413 0.63671875 0.3226913060897436 0.63671875 0.3253255208333333 0.6416015625 0.33191105769230766 0.6435546875 0.33191105769230766
2 0.6685670152091254 0.3213141025641026 0.048319866920152096 0.12874038461538462