2 0.7301568441064639 0.8579070512820514 0.07327233840304181 0.20512820512820512
2 0.7913498098859315 0.8902243589743589 0.09109553231939163 0.20245833333333332
2 0.9000712927756654 0.8977019230769231 0.10891872623574145 0.19177243589743592
2 0.9572647338403042 0.9134615384615384 0.08547290874524716 0.16880448717948718
2 0.6610432509505704 0.8215801282051282 0.06653992395437262 0.20299038461538463
2 0.6032153041825095 0.7793814102564103 0.06337214828897339 0.1891025641025641
2 0.532319391634981 0.6997852564102564 0.057825570342205326 0.21581089743589746
2 0.5057818441064639 0.6423621794871796 0.044360741444866916 0.1875
2 0.4816230988593156 0.6057692307692307 0.04515209125475285 0.1880352564102564
2 0.476870247148289 0.5667724358974359 0.04515209125475285 0.1869647435897436
2 0.465976711026616 0.5114839743589743 0.0550546577946768 0.16292628205128204
2 0.4661763307984791 0.44471153846153844 0.04752851711026616 0.12553525641025642
2 0.5113284220532319 0.09882371794871794 0.028517110266159697 0.14209294871794872
2 0.6784695817490495 0.04807692307692308 0.02693203422053232 0.09615384615384616