2 0.33151140684410646 0.78125 0.068125 0.23450961538461537
2 0.3942894486692015 0.7852564102564102 0.0748574144486692 0.23290705128205128
2 0.46181796577946765 0.7946057692307692 0.06574857414448669 0.2483974358974359
2 0.5360812737642585 0.7793814102564103 0.07168963878326996 0.2467948717948718
2 0.6432200570342206 0.7446570512820513 0.06891634980988594 0.2414519230769231
2 0.7081749049429658 0.7016570512820514 0.06733127376425856 0.2419871794871795
2 0.747583174904943 0.6709391025641025 0.06693678707224335 0.2478621794871795
2 0.7764971482889734 0.6236634615384615 0.07089591254752851 0.21420833333333333
2 0.8095698669201521 0.5486121794871796 0.06891634980988594 0.20192307692307693
2 0.8345223384030418 0.44471153846153844 0.04752851711026616 0.06784294871794871
2 0.8216492395437263 0.4797019230769231 0.07564876425855513 0.1987179487179487
2 0.13070342205323193 0.7524038461538461 0.1449619771863118 0.1330128205128205