2 0.8547219581749049 0.7793814102564103 0.24477186311787072 0.18269230769230768
2 0.8737333650190114 0.9025096153846154 0.2067490494296578 0.19497756410256412
2 0.7703588403041826 0.5860032051282051 0.19011406844106463 0.15491346153846153
2 0.6956986692015209 0.4842403846153846 0.18971720532319392 0.1276698717948718
2 0.6511406844106464 0.39877243589743594 0.20991682509505705 0.1233974358974359
2 0.5927210076045627 0.33226602564102564 0.1675380228136882 0.09615384615384616
2 0.5271696768060836 0.296474358974359 0.21387832699619772 0.10576923076923077
2 0.46261169201520913 0.2743044871794872 0.13070342205323193 0.10523397435897436
2 0.41646863117870725 0.2694967948717949 0.12159458174904943 0.08279807692307692
2 0.36834600760456276 0.26282051282051283 0.12278279467680607 0.07906089743589743
2 0.29012119771863115 0.2569455128205128 0.04950807984790875 0.060897435897435896