2 0.5794510456273764 0.8878205128205128 0.14575332699619772 0.13675320512820513
2 0.5956915399239544 0.7873942307692308 0.14020912547528516 0.1282051282051282
2 0.6048003802281369 0.7064647435897436 0.12040636882129278 0.12980769230769232
2 0.6095532319391636 0.6335480769230769 0.129912072243346 0.1282051282051282
2 0.6067799429657794 0.5611634615384615 0.12436549429657795 0.15331089743589743
2 0.5964828897338403 0.49091987179487184 0.13228849809885931 0.15064102564102563
2 0.5679657794676806 0.3979711538461539 0.11802994296577947 0.13141025641025642
2 0.5196459125475286 0.3317307692307692 0.07842205323193917 0.08867628205128206
2 0.4847908745247148 0.3141025641025641 0.08475998098859316 0.09829166666666667
2 0.43864781368821293 0.3295929487179487 0.09466017110266159 0.1292724358974359
2 0.4103303231939164 0.3269230769230769 0.08317490494296578 0.1175224358974359
2 0.38280180608365016 0.33466987179487184 0.08277804182509506 0.11698717948717949
2 0.3517110266159696 0.3386762820512821 0.08951283269961978 0.11538461538461539
2 0.317055608365019 0.3525641025641026 0.08436311787072244 0.10470192307692308
2 0.2855679657794677 0.3547019230769231 0.06653992395437262 0.07692307692307693