2 0.8464044676806084 0.6992532051282051 0.17110266159695817 0.13141025641025642
2 0.8586810836501901 0.8149038461538461 0.160805608365019 0.12874038461538462
2 0.87293963878327 0.9131955128205128 0.17031131178707223 0.14583333333333334
2 0.8123407794676806 0.5574262820512821 0.17744058935361215 0.10737179487179487
2 0.7671886882129277 0.4668814102564103 0.17744058935361215 0.10256410256410256
2 0.7180774714828898 0.399573717948718 0.1520912547528517 0.08333333333333333
2 0.6848075095057035 0.36324679487179484 0.14258555133079848 0.07478525641025642
2 0.6253968631178708 0.3141025641025641 0.15684410646387834 0.09829166666666667
2 0.5725213878326997 0.28952884615384616 0.11525665399239544 0.07478525641025642
2 0.5360812737642585 0.2809839743589743 0.11842442965779468 0.07692307692307693
2 0.49389971482889733 0.27670833333333333 0.10773051330798479 0.068375
2 0.4501354562737643 0.2649583333333333 0.09386882129277567 0.0641025641025641