2 0.6848075095057035 0.8760673076923077 0.10456273764258556 0.2478621794871795
2 0.7636240494296578 0.8279903846153845 0.12278279467680607 0.2991442307692308
2 0.8182818441064639 0.7532051282051282 0.0942656844106464 0.2777788461538461
2 0.8539282319391635 0.6965801282051282 0.0942656844106464 0.2414519230769231
2 0.871157319391635 0.5427339743589743 0.10020674904942967 0.17093910256410258
2 0.5507366920152091 0.9153301282051282 0.0994130228136882 0.16933653846153848
2 0.44795627376425856 0.9321570512820513 0.0966421102661597 0.1356826923076923
2 0.33804657794676807 0.9337596153846154 0.09307747148288974 0.1324775641025641
2 0.8626425855513308 0.4748942307692308 0.10060123574144486 0.23397435897435898
2 0.8620484790874525 0.4030448717948718 0.10416587452471482 0.22809935897435896
2 0.8610575095057034 0.33814102564102566 0.08475998098859316 0.1912403846153846