2 0.39270437262357416 0.6298076923076923 0.08436311787072244 0.2692307692307692
2 0.47469106463878324 0.6137820512820513 0.08198669201520913 0.28846153846153844
2 0.5507366920152091 0.6161858974358975 0.0748574144486692 0.28365384615384615
2 0.6125237642585551 0.5921474358974359 0.06772813688212928 0.2548076923076923
2 0.6992633079847909 0.5504807692307693 0.08198669201520913 0.2644230769230769
2 0.28517110266159695 0.6129807692307693 0.08317490494296578 0.26121794871794873
2 0.22397813688212928 0.5876057692307692 0.07327233840304181 0.2542724358974359
2 0.17229087452471484 0.5480769230769231 0.060201996197718634 0.2585480769230769
2 0.1340708174904943 0.5117532051282051 0.0439638783269962 0.23717948717948717
2 0.10713640684410645 0.49733012820512823 0.04079610266159696 0.2532051282051282
2 0.7570888783269962 0.5256410256410257 0.08594819391634981 0.23290705128205128
2 0.805805608365019 0.49198717948717946 0.06456036121673005 0.24252243589743588
2 0.8477899239543726 0.446849358974359 0.07406606463878328 0.2387820512820513
2 0.8911596958174905 0.4051826923076923 0.0815898288973384 0.23237179487179488