2 0.5893536121673004 0.8798076923076923 0.1386240494296578 0.08867628205128206
2 0.48954372623574144 0.8819455128205128 0.057825570342205326 0.07371794871794872
2 0.23605750950570342 0.5411314102564102 0.037231463878326994 0.09722115384615385
2 0.20991682509505705 0.594551282051282 0.08634268060836502 0.050214743589743586
2 0.20120484790874524 0.6300737179487179 0.09268060836501901 0.04754166666666667
2 0.2021934410646388 0.6586538461538461 0.08277804182509506 0.050214743589743586
2 0.19823431558935362 0.6944455128205128 0.08436311787072244 0.038461538461538464
2 0.20041112167300382 0.7264967948717949 0.08634268060836502 0.038461538461538464
2 0.19922290874524715 0.7596153846153846 0.08871910646387832 0.04700961538461538
2 0.20358127376425855 0.8055544871794872 0.09268060836501901 0.029913461538461538
2 0.2071459125475285 0.8362724358974359 0.09980988593155894 0.02403846153846154
2 0.4467680608365019 0.8846153846153846 0.034061311787072245 0.07265064102564102
2 0.41112167300380226 0.8979711538461539 0.034061311787072245 0.0673076923076923