2 0.7386715779467681 0.6754807692307693 0.09188925855513308 0.2409198717948718
2 0.684013783269962 0.8784711538461538 0.191699144486692 0.2430544871794872
2 0.7808531368821292 0.6033653846153846 0.06693678707224335 0.2505352564102564
2 0.8083816539923955 0.5494134615384616 0.06178707224334601 0.2387820512820513
2 0.8281844106463878 0.48343910256410255 0.060201996197718634 0.20619551282051282
2 0.8309576996197718 0.4364326923076923 0.07842205323193917 0.22756410256410256
2 0.2618037072243346 0.07799038461538461 0.04277566539923954 0.15598397435897438
2 0.309726711026616 0.08279807692307692 0.04356701520912548 0.16559935897435896
2 0.3457699619771863 0.08653846153846154 0.04911359315589353 0.16239423076923076
2 0.3923075095057034 0.09188141025641026 0.05426093155893536 0.16666666666666666
2 0.48716730038022815 0.13675320512820513 0.05149001901140684 0.1858974358974359
2 0.5342989543726235 0.1423621794871795 0.04911359315589353 0.19391025641025642
2 0.5737096007604563 0.16025641025641027 0.05346958174904943 0.1944455128205128
2 0.6194557984790875 0.16452884615384616 0.04990494296577947 0.1837596153846154
2 0.6602495247148289 0.1768173076923077 0.053866444866920146 0.22115384615384615
2 0.7366920152091255 0.23771474358974357 0.05307271863117871 0.21474358974358973
2 0.7984790874524715 0.29273397435897436 0.06733127376425856 0.1965801282051282