2 0.6527257604562737 0.7761762820512821 0.14020912547528516 0.08653846153846154
2 0.556875 0.7737724358974359 0.08000712927756655 0.07852564102564102
2 0.5093464828897338 0.7831185897435897 0.056242870722433454 0.0619647435897436
2 0.46261169201520913 0.774573717948718 0.0594106463878327 0.08974358974358974
2 0.4241920152091255 0.7732371794871795 0.04119058935361217 0.07104807692307692
2 0.23368108365019014 0.4027788461538462 0.037231463878326994 0.10256410256410256
2 0.2045698669201521 0.4588685897435898 0.09307747148288974 0.041666666666666664
2 0.2111050380228137 0.49572756410256413 0.10614781368821292 0.038461538461538464
2 0.2071459125475285 0.5251057692307692 0.10931558935361217 0.03952884615384615
2 0.1984315589353612 0.5595608974358974 0.0839662547528517 0.04113141025641026
2 0.19486692015209126 0.5862724358974359 0.07683697718631179 0.049679487179487176
2 0.20120484790874524 0.6260673076923077 0.07842205323193917 0.04914423076923077
2 0.21427519011406843 0.6786858974358975 0.09980988593155894 0.035791666666666666
2 0.22160171102661597 0.7008557692307692 0.11129515209125475 0.038461538461538464