2 0.1984315589353612 0.49305448717948713 0.053866444866920146 0.19337500000000002
2 0.2273455323193916 0.510150641025641 0.054657794676806086 0.1891025641025641
2 0.2645746197718631 0.5277788461538462 0.06257842205323194 0.19230769230769232
2 0.29566777566539926 0.5451378205128204 0.06059885931558935 0.1981826923076923
2 0.3523051330798479 0.5456730769230769 0.06456036121673005 0.1992532051282051
2 0.4008246197718631 0.5555544871794872 0.06416349809885931 0.22222115384615385
2 0.4887523764258555 0.5496794871794872 0.04990494296577947 0.22329166666666667
2 0.5513307984790875 0.5299134615384615 0.057825570342205326 0.23504166666666668
2 0.6079681558935361 0.5144230769230769 0.044360741444866916 0.21688141025641025
2 0.6503493346007605 0.49038461538461536 0.04990494296577947 0.20726602564102561
2 0.6978778517110267 0.4457788461538461 0.06416349809885931 0.22382371794871797
2 0.7323360266159696 0.4276185897435898 0.04752851711026616 0.19391025641025642
2 0.7604562737642585 0.40064102564102566 0.03881416349809886 0.18162499999999998
2 0.7854087452471483 0.3605769230769231 0.050696292775665404 0.1912403846153846
2 0.8151140684410646 0.32505448717948715 0.04356701520912548 0.18108974358974358
2 0.8386810836501901 0.29781089743589745 0.046340304182509506 0.17147435897435898