2 0.7299596007604563 0.7142083333333333 0.08555133079847908 0.27029807692307695
2 0.647773288973384 0.8870192307692307 0.213481463878327 0.20138782051282053
2 0.7743179657794677 0.6607916666666667 0.06337214828897339 0.2532051282051282
2 0.8087761406844106 0.6105769230769231 0.05149001901140684 0.24252243589743588
2 0.4212214828897338 0.23424038461538463 0.03129039923954372 0.1340801282051282
2 0.43904467680608367 0.23450961538461537 0.028913973384030418 0.13782051282051283
2 0.4564710076045627 0.23664423076923077 0.0352495247148289 0.1356826923076923
2 0.47389971482889737 0.25080128205128205 0.022576045627376425 0.13515064102564103
2 0.49350522813688213 0.2606826923076923 0.02614068441064639 0.15170833333333333
2 0.5140993346007604 0.26121794871794873 0.027725760456273764 0.15277884615384615
2 0.5402400190114068 0.27724358974358976 0.02297290874524715 0.14636858974358974
2 0.5630156844106464 0.2815160256410257 0.032081749049429654 0.15491346153846153
2 0.5915327946768061 0.28685897435897434 0.032081749049429654 0.15918910256410257
2 0.6358911596958174 0.29540705128205125 0.03366682509505703 0.15705128205128205
2 0.6685670152091254 0.3039519230769231 0.037231463878326994 0.16132371794871794
2 0.6982723384030418 0.3098301282051282 0.0396078897338403 0.16025641025641027
2 0.7327305133079848 0.3167724358974359 0.056242870722433454 0.1805544871794872
2 0.8325403992395437 0.5905448717948718 0.056242870722433454 0.24412499999999998
2 0.7792704372623575 0.3563044871794872 0.03445817490494297 0.1955128205128205