2 0.46082937262357415 0.9089198717948718 0.09070104562737644 0.18215705128205129
2 0.3980513307984791 0.958599358974359 0.08238355513307985 0.08279807692307692
2 0.5055846007604563 0.8165064102564102 0.08119534220532319 0.20245833333333332
2 0.5560836501901141 0.719551282051282 0.07525427756653993 0.197650641025641
2 0.5917300380228137 0.645298076923077 0.06099572243346008 0.1901698717948718
2 0.6184648288973384 0.6036314102564102 0.06456036121673005 0.177349358974359
2 0.6501497148288973 0.5168269230769231 0.05663735741444867 0.1864326923076923
2 0.6745080798479087 0.47622756410256406 0.04594344106463879 0.18215705128205129
2 0.7014424904942966 0.44444551282051287 0.04752851711026616 0.1794871794871795
2 0.7283745247148289 0.3733974358974359 0.04911359315589353 0.17200961538461537
2 0.7426330798479087 0.33039423076923075 0.044360741444866916 0.15972115384615385
2 0.7721411596958175 0.30154807692307695 0.0439638783269962 0.17254166666666668