2 0.17902328897338404 0.27884615384615385 0.06257842205323194 0.14316346153846154
2 0.20912547528517111 0.27617628205128203 0.06574857414448669 0.14423076923076922
2 0.23863355513307985 0.26816346153846154 0.07010456273764258 0.14743589743589744
2 0.28299192015209124 0.2676282051282051 0.059013783269961984 0.13995833333333335
2 0.3130941064638783 0.26842948717948717 0.06218393536121673 0.14476602564102564
2 0.349731463878327 0.2692307692307692 0.06653992395437262 0.15598397435897438
2 0.40161596958174905 0.2673621794871795 0.06099572243346008 0.16826923076923078
2 0.44914448669201523 0.26816346153846154 0.05149001901140684 0.16666666666666666
2 0.4836026615969582 0.2636217948717949 0.04911359315589353 0.16720192307692305
2 0.5255869771863118 0.2588141025641026 0.057034220532319393 0.1768173076923077
2 0.5804420152091255 0.2724358974358974 0.05030180608365019 0.16880448717948718
2 0.6121269011406844 0.2847211538461539 0.04713165399239544 0.19337500000000002
2 0.6487642585551331 0.3002147435897436 0.04356701520912548 0.1987179487179487
2 0.6820342205323194 0.32665705128205125 0.05307271863117871 0.1971153846153846
2 0.7277804182509505 0.3979711538461539 0.05426093155893536 0.20833333333333334
2 0.7800617870722434 0.8616442307692308 0.11129515209125475 0.27670833333333333
2 0.7709529467680608 0.6618589743589743 0.0724809885931559 0.21047115384615384
2 0.7705560836501901 0.5822660256410257 0.07327233840304181 0.1858974358974359
2 0.7687737642585551 0.5213685897435898 0.0839662547528517 0.19230769230769232
2 0.7608531368821293 0.4807692307692308 0.06653992395437262 0.20726602564102561
2 0.7473859315589354 0.42788461538461536 0.06495484790874524 0.21047115384615384