2 0.7598621673003803 0.6388878205128204 0.08990731939163497 0.177349358974359
2 0.7628326996197718 0.5096153846153846 0.04356701520912548 0.1880352564102564
2 0.774912072243346 0.4545929487179487 0.0550546577946768 0.15491346153846153
2 0.48003802281368824 0.27029807692307695 0.046737167300380224 0.1388878205128205
2 0.5152875475285171 0.2694967948717949 0.034855038022813686 0.14690064102564102
2 0.5519249049429658 0.27136858974358974 0.04000237642585552 0.1346153846153846
2 0.5748978136882129 0.27136858974358974 0.046340304182509506 0.15384615384615385
2 0.6093559885931559 0.2694967948717949 0.03445817490494297 0.15972115384615385
2 0.6481701520912547 0.2777788461538461 0.023367395437262357 0.14743589743589744
2 0.6713403041825095 0.2737724358974359 0.050696292775665404 0.13835576923076923
2 0.7048075095057034 0.2847211538461539 0.03366682509505703 0.15491346153846153
2 0.7273835551330798 0.30261858974358974 0.03604325095057034 0.14262820512820512