2 0.25249524714828897 0.8880865384615384 0.13110028517110264 0.22382371794871797
2 0.31606463878326996 0.8221153846153846 0.10377138783269962 0.23611217948717947
2 0.3570579847908745 0.7313044871794872 0.09783032319391635 0.23397435897435898
2 0.40399239543726234 0.6356826923076923 0.08000712927756655 0.2414519230769231
2 0.4461739543726236 0.5542211538461539 0.07168963878326996 0.22916666666666666
2 0.4719177756653992 0.4989326923076923 0.05663735741444867 0.23717948717948717
2 0.5010289923954373 0.4500544871794872 0.05861929657794677 0.20673076923076922
2 0.5251901140684411 0.38648397435897436 0.05307271863117871 0.21420833333333333
2 0.5469748098859316 0.34134615384615385 0.04752851711026616 0.1848301282051282
2 0.5636097908745248 0.3087596153846154 0.06178707224334601 0.17093910256410258
2 0.5768773764258555 0.26976602564102564 0.04713165399239544 0.1891025641025641
2 0.5966801330798479 0.24332371794871793 0.05030180608365019 0.1971153846153846
2 0.6145033269961977 0.21794871794871795 0.052678231939163496 0.1880352564102564