2 0.7374833650190113 0.8295929487179486 0.08475998098859316 0.25106730769230773
2 0.7555061787072244 0.4519230769230769 0.048716730038022814 0.11324679487179487
2 0.21704610266159696 0.22435897435897437 0.034061311787072245 0.1175224358974359
2 0.24358365019011408 0.228900641025641 0.02693203422053232 0.11057692307692307
2 0.27368583650190115 0.22702884615384616 0.028517110266159697 0.11645192307692308
2 0.30457937262357415 0.23157051282051283 0.028517110266159697 0.10950961538461539
2 0.3235907794676806 0.23130448717948718 0.028517110266159697 0.11858974358974358
2 0.35091967680608366 0.23023397435897439 0.030893536121673004 0.12286217948717948
2 0.3843868821292776 0.23904807692307695 0.032873098859315594 0.11805448717948717
2 0.4077542775665399 0.23343910256410258 0.028913973384030418 0.11645192307692308
2 0.43647100760456276 0.2382467948717949 0.02614068441064639 0.11324679487179487
2 0.47172053231939165 0.23664423076923077 0.03168488593155894 0.11645192307692308
2 0.5034054182509505 0.24172115384615384 0.025349334600760456 0.11057692307692307
2 0.5342989543726235 0.24332371794871793 0.025349334600760456 0.11378205128205128
2 0.7434244296577946 0.36645192307692304 0.044360741444866916 0.1388878205128205