2 0.09208650190114069 0.8322660256410257 0.16199382129277565 0.17307692307692307
2 0.1716967680608365 0.7708333333333334 0.12159458174904943 0.2617532051282051
2 0.24596007604562736 0.7735032051282051 0.12040636882129278 0.2542724358974359
2 0.3214115969581749 0.7873942307692308 0.12159458174904943 0.2692307692307692
2 0.3986454372623574 0.790599358974359 0.1097124524714829 0.27564102564102566
2 0.48716730038022815 0.770298076923077 0.10377138783269962 0.2606826923076923
2 0.5764805133079848 0.7574775641025641 0.1097124524714829 0.2991442307692308
2 0.7030251901140684 0.6939102564102564 0.08238355513307985 0.306625
2 0.7759030418250951 0.6356826923076923 0.0839662547528517 0.3247852564102564
2 0.8287785171102662 0.5771891025641025 0.07564876425855513 0.29433653846153846
2 0.8745247148288974 0.520298076923077 0.06733127376425856 0.2606826923076923
2 0.8972980038022813 0.39342948717948717 0.07644249049429658 0.18322756410256408