2 0.8753160646387832 0.8696570512820513 0.17506416349809886 0.2606826923076923
2 0.8971007604562737 0.655448717948718 0.08871910646387832 0.22970192307692305
2 0.9133388783269962 0.5742532051282051 0.0942656844106464 0.2467948717948718
2 0.9224500950570342 0.49145192307692304 0.0903041825095057 0.22222115384615385
2 0.9246269011406844 0.38621794871794873 0.07881891634980989 0.12713782051282052
2 0.9157153041825095 0.32051282051282054 0.08000712927756655 0.13034294871794871
2 0.8925451520912547 0.2849903846153846 0.07168963878326996 0.15865384615384615
2 0.8499691064638784 0.2387820512820513 0.06891634980988594 0.23611217948717947
2 0.8129348859315589 0.19738141025641026 0.05980750950570342 0.21420833333333333
2 0.7663973384030418 0.18269230769230768 0.050696292775665404 0.20726602564102561
2 0.7311478136882129 0.16132371794871794 0.04515209125475285 0.20299038461538463
2 0.6737167300380228 0.17093910256410258 0.050696292775665404 0.2542724358974359
2 0.622226711026616 0.15090705128205129 0.044360741444866916 0.1981826923076923
2 0.5857889733840305 0.1485032051282051 0.06337214828897339 0.1837596153846154
2 0.5329134980988594 0.13595192307692308 0.06931321292775666 0.18108974358974358
2 0.48439401140684407 0.1407596153846154 0.060201996197718634 0.17147435897435898
2 0.4416183460076045 0.13354807692307694 0.050696292775665404 0.14743589743589744
2 0.41765684410646386 0.13915705128205128 0.05743108365019011 0.16185897435897437
2 0.3719106463878327 0.1324775641025641 0.068125 0.15811858974358975
2 0.34299667300380227 0.1346153846153846 0.06257842205323194 0.15598397435897438
2 0.32042062737642585 0.13221153846153846 0.060201996197718634 0.14797115384615386
2 0.279824144486692 0.13221153846153846 0.06218393536121673 0.14797115384615386
2 0.255268536121673 0.12874038461538462 0.06535171102661597 0.14423076923076922
2 0.2217989543726236 0.1324775641025641 0.057825570342205326 0.1260673076923077