2 0.7341183460076046 0.9017083333333333 0.10812737642585551 0.1965801282051282
2 0.7333246197718631 0.7670929487179486 0.08594819391634981 0.11324679487179487
2 0.727583174904943 0.6677339743589743 0.08079847908745247 0.11965705128205127
2 0.7289686311787072 0.572650641025641 0.08040161596958174 0.10897435897435898
2 0.7256012357414449 0.48878205128205127 0.07525427756653993 0.1143173076923077
2 0.7022338403041825 0.3963685897435898 0.07921340304182509 0.11538461538461539
2 0.6764900190114068 0.3229166666666667 0.06416349809885931 0.13835576923076923
2 0.62143536121673 0.23584294871794872 0.06970769961977186 0.1757467948717949
2 0.5687571292775665 0.17521474358974357 0.06257842205323194 0.1858974358974359
2 0.5152875475285171 0.14316346153846154 0.06970769961977186 0.1794871794871795
2 0.46775903041825095 0.10256410256410256 0.06970769961977186 0.16880448717948718
2 0.3980513307984791 0.09668910256410257 0.0966421102661597 0.1891025641025641
2 0.34715541825095053 0.09294871794871795 0.0970365969581749 0.1858974358974359
2 0.29170627376425856 0.09241346153846153 0.10495960076045628 0.1848301282051282
2 0.22081036121673003 0.09241346153846153 0.12476235741444867 0.1848301282051282
2 0.16535884030418252 0.09615384615384616 0.10891872623574145 0.16239423076923076
2 0.11169201520912547 0.10149679487179487 0.12278279467680607 0.16025641025641027
2 0.07287785171102662 0.10843910256410257 0.1211977186311787 0.16773397435897439