2 0.6911430608365019 0.9228108974358975 0.18219344106463878 0.1201923076923077
2 0.5893536121673004 0.9246794871794872 0.15129990494296577 0.09508653846153847
2 0.5263783269961977 0.9230769230769231 0.1346649239543726 0.09829166666666667
2 0.476870247148289 0.9217403846153845 0.1148597908745247 0.09668910256410257
2 0.4103303231939164 0.9180032051282051 0.0594106463878327 0.07852564102564102
2 0.37329610266159696 0.9214743589743589 0.0685194866920152 0.07585576923076923
2 0.3362642585551331 0.915599358974359 0.06337214828897339 0.07051282051282051
2 0.28735028517110267 0.9214743589743589 0.06297528517110267 0.06303525641025641
2 0.2546744296577947 0.917201923076923 0.06653992395437262 0.060897435897435896
2 0.21823431558935363 0.4946570512820513 0.03010218631178707 0.11324679487179487
2 0.1845698669201521 0.5587596153846154 0.10218631178707224 0.05555448717948718
2 0.18338165399239542 0.5966891025641026 0.10931558935361217 0.04807692307692308
2 0.17644961977186313 0.6338141025641025 0.1120888783269962 0.061432692307692306
2 0.1691230988593156 0.6722756410256411 0.10931558935361217 0.042201923076923074
2 0.17288498098859315 0.707798076923077 0.11446530418250951 0.045939102564102566
2 0.17724096958174906 0.7518685897435897 0.10416587452471482 0.06677243589743591
2 0.17942015209125475 0.8050224358974359 0.11565351711026617 0.041666666666666664
2 0.17942015209125475 0.8381410256410257 0.11565351711026617 0.03739423076923077
2 0.19526378326996197 0.8552339743589743 0.1188212927756654 0.03311858974358974