0 0.8380414312617702 0.4940898345153664 0.896421845574388 0.7659574468085106 0.911487758945386 0.8096926713947991 0.9246704331450094 0.892434988179669 0.935969868173258 0.9030732860520094 0.9905838041431262 0.9018912529550828 0.9981167608286252 0.8995271867612293 0.9905838041431262 0.8226950354609929 0.9378531073446328 0.640661938534279 0.8060263653483992 0.08037825059101655 0.7890772128060264 0.06619385342789598 0.7645951035781544 0.07210401891252956 0.7589453860640302 0.08747044917257683 0.8380414312617702 0.4940898345153664
0 0.05577966101694915 0.9234066193853427 0.24194538606403015 0.07614775413711584 0.22381544256120528 0.06564539007092199 0.20150470809792842 0.06389479905437352 0.18753107344632766 0.0743404255319149 0 0.9212186761229314 0.05577966101694915 0.9234066193853427
0 0.07111864406779661 0.9203427895981088 0.14921092278719397 0.9207813238770686 0.29144821092278717 0.07483569739952718 0.2768060263653484 0.06520685579196217 0.24891713747645952 0.06389479905437352 0.24403578154425612 0.07395981087470449 0.07111864406779661 0.9203427895981088
0 0.15966854990583806 0.9212186761229314 0.23776082862523543 0.9220933806146572 0.34165160075329565 0.07439716312056738 0.33049529190207155 0.0647695035460993 0.3019077212806026 0.06433215130023641 0.29423728813559324 0.07352245862884162 0.15966854990583806 0.9212186761229314
0 0.24891713747645952 0.9172801418439717 0.32422033898305086 0.9177174940898345 0.39533898305084747 0.07614775413711584 0.384879472693032 0.06520685579196217 0.35838418079096046 0.06345744680851063 0.34374199623352164 0.07658628841607565 0.24891713747645952 0.9172801418439717
0 0.3290998116760829 0.9150921985815603 0.4071920903954802 0.9155295508274232 0.4469359698681733 0.07921158392434989 0.4336873822975518 0.06520685579196217 0.4050998116760829 0.06652009456264776 0.39743126177024485 0.07483569739952718 0.3290998116760829 0.9150921985815603
0 0.4183483992467043 0.9133416075650118 0.4950451977401131 0.9111524822695036 0.5013201506591337 0.07746099290780141 0.4866779661016949 0.06608274231678486 0.4594858757062147 0.06608274231678486 0.44902636534839924 0.0778983451536643 0.4183483992467043 0.9133416075650118
0 0.5034124293785311 0.9133416075650118 0.5808060263653484 0.9124657210401892 0.5515216572504709 0.07658628841607565 0.5375762711864406 0.06695744680851064 0.5138700564971752 0.06695744680851064 0.5034124293785311 0.07571040189125296 0.5034124293785311 0.9133416075650118
0 0.5919623352165725 0.9102777777777779 0.6665668549905838 0.9089645390070923 0.6010263653483993 0.07746099290780141 0.5891732580037665 0.06827068557919622 0.5668606403013182 0.06783333333333333 0.5543107344632768 0.07571040189125296 0.5919623352165725 0.9102777777777779
0 0.6770263653483992 0.906776595744681 0.7502372881355932 0.9045886524822695 0.6526233521657251 0.07702364066193854 0.6421638418079095 0.06695744680851064 0.6170640301318268 0.06695744680851064 0.6038154425612052 0.07702364066193854 0.6770263653483992 0.906776595744681
0 0.7620903954802261 0.9041513002364067 0.8366967984934086 0.9015248226950355 0.7042184557438794 0.07614775413711584 0.6881826741996234 0.06652009456264776 0.6644764595103578 0.0687080378250591 0.654713747645951 0.07702364066193854 0.7620903954802261 0.9041513002364067
0 0.8429981167608286 0.9019621749408983 0.9231826741996233 0.8988995271867612 0.7488436911487759 0.06827068557919622 0.7216497175141243 0.06739598108747046 0.7077062146892655 0.07658628841607565 0.8429981167608286 0.9019621749408983