0 0.023801541425818883 0.11558245614035088 0.9611252408477843 0.22084561403508773 0.9622581888246627 0.16511929824561403 0.0340019267822736 0.04540701754385965 0.023801541425818883 0.11558245614035088
0 0.9611252408477843 0.27450877192982454 0.9577244701348748 0.22497543859649122 0.02606743737957611 0.10938947368421052 0.024934489402697498 0.1981438596491228 0.9611252408477843 0.27450877192982454
0 0.9633911368015414 0.3446842105263158 0.9645240847784201 0.2889578947368421 0.028335260115606935 0.19195087719298246 0.02606743737957611 0.2765754385964912 0.9633911368015414 0.3446842105263158
0 0.9656570327552986 0.3983473684210526 0.9701907514450867 0.35294035087719294 0.02606743737957611 0.2765754385964912 0.02266859344894027 0.3508771929824561 0.9656570327552986 0.3983473684210526
0 0.9679248554913294 0.4602666666666666 0.9701907514450867 0.3962842105263158 0.02040077071290944 0.35294035087719294 0.01813487475915222 0.43756491228070177 0.9679248554913294 0.4602666666666666
0 0.9769922928709056 0.5242526315789474 0.9656570327552986 0.46233333333333326 0.01813487475915222 0.43343508771929823 0.021533718689788053 0.5242526315789474 0.9769922928709056 0.5242526315789474
0 0.9803930635838151 0.5841087719298246 0.9769922928709056 0.5263157894736842 0.02266859344894027 0.5159964912280701 0.01813487475915222 0.6068105263157895 0.9803930635838151 0.5841087719298246
0 0.9849248554913295 0.6398350877192983 0.9803930635838151 0.5779157894736842 0.032868978805394994 0.6171298245614035 0.02946820809248555 0.683178947368421 0.9849248554913295 0.6398350877192983
0 0.9939922928709055 0.7038175438596491 0.9860597302504817 0.631578947368421 0.038535645472061654 0.6934982456140351 0.03740269749518304 0.7719298245614035 0.9939922928709055 0.7038175438596491
0 0.9980732177263969 0.7657368421052632 0.9894585741811175 0.7017543859649122 0.0419364161849711 0.7739929824561403 0.04080154142581888 0.8565543859649123 0.9980732177263969 0.7657368421052632
0 0.9871926782273602 0.837978947368421 0.9928593448940269 0.7636736842105263 0.047603082851637765 0.8627438596491228 0.045335260115606936 0.9453052631578946 0.9871926782273602 0.837978947368421
0 0.9928593448940269 0.8978315789473684 0.9973930635838151 0.8276561403508772 0.04647013487475915 0.963880701754386 0.045335260115606936 0.9964912280701754 0.9928593448940269 0.8978315789473684