0 0.17330081300813008 0.9861649484536082 0.17971951219512194 0.04340721649484536 0.11553252032520325 0.04612113402061856 0.1198130081300813 0.9929458762886597 0.17330081300813008 0.9861649484536082
0 0.19469512195121952 0.9888762886597939 0.2417642276422764 0.9902345360824742 0.2481829268292683 0.04205154639175258 0.19041463414634147 0.04612113402061856 0.19469512195121952 0.9888762886597939
0 0.2631585365853658 0.04747680412371134 0.261020325203252 0.9888762886597939 0.3102276422764228 0.991590206185567 0.31664634146341464 0.04747680412371134 0.261020325203252 0.04612113402061856 0.2631585365853658 0.04747680412371134
0 0.33162195121951216 0.9929458762886597 0.38510975609756093 0.991590206185567 0.38082926829268293 0.050190721649484536 0.33376016260162605 0.050190721649484536 0.33162195121951216 0.9929458762886597
0 0.4065040650406504 0.9861649484536082 0.4578536585365854 0.9861649484536082 0.4578536585365854 0.04747680412371134 0.40008536585365856 0.04747680412371134 0.4065040650406504 0.9861649484536082
0 0.47496747967479674 0.9820953608247422 0.5263170731707316 0.9861649484536082 0.5327357723577235 0.04747680412371134 0.47710569105691053 0.05154639175257732 0.47496747967479674 0.9820953608247422
0 0.5519878048780488 0.9848067010309279 0.6011991869918699 0.9848067010309279 0.594780487804878 0.05154639175257732 0.549849593495935 0.05154639175257732 0.5519878048780488 0.9848067010309279
0 0.6311504065040651 0.983451030927835 0.6675243902439025 0.9861649484536082 0.6760813008130081 0.05154639175257732 0.6247317073170732 0.050190721649484536 0.6311504065040651 0.983451030927835
0 0.6846382113821138 0.987520618556701 0.7402642276422764 0.987520618556701 0.7424065040650407 0.050190721649484536 0.6910569105691057 0.05154639175257732 0.6846382113821138 0.987520618556701
0 0.7638008130081301 0.9807371134020619 0.8130081300813008 0.983451030927835 0.8108699186991869 0.05154639175257732 0.7638008130081301 0.048832474226804125 0.7638008130081301 0.9807371134020619
0 0.8279837398373984 0.987520618556701 0.8900284552845529 0.9902345360824742 0.887890243902439 0.050190721649484536 0.8279837398373984 0.05154639175257732 0.8279837398373984 0.987520618556701
0 0.9028658536585366 0.991590206185567 0.9584918699186992 0.9848067010309279 0.9542154471544715 0.050190721649484536 0.9007276422764228 0.052902061855670104 0.9028658536585366 0.991590206185567