0 0.3705416666666667 0.21353125 0.050604166666666665 0.18303125
0 0.4270833333333333 0.21949999999999997 0.05854166666666667 0.1651875
0 0.47470833333333334 0.2886875 0.0704375 0.2886875
0 0.5486041666666667 0.31621875 0.08929166666666667 0.311
0 0.6284791666666667 0.35490625 0.09227083333333333 0.29315625
0 0.7147916666666667 0.36384375 0.09027083333333333 0.29315625
0 0.7991041666666666 0.38540625 0.07439583333333334 0.23512499999999997
0 0.8606250000000001 0.40178125 0.06447916666666667 0.22618749999999999
0 0.9077291666666666 0.42337499999999995 0.043645833333333335 0.22171875000000002
0 0.036708333333333336 0.8534375000000001 0.05754166666666667 0.24553124999999998
0 0.38889583333333333 0.8965624999999999 0.0694375 0.1949375
0 0.31497916666666664 0.9159375000000001 0.06845833333333333 0.16815625
0 0.23958333333333334 0.9003125000000001 0.07439583333333334 0.1964375
0 0.16566666666666666 0.9047499999999999 0.06745833333333334 0.1785625
0 0.09572916666666667 0.859375 0.05258333333333333 0.25446875
0 0.34127083333333336 0.7760312500000001 0.0615 0.108625
0 0.21379166666666669 0.75296875 0.048604166666666664 0.10118750000000001
0 0.15575 0.76265625 0.059520833333333335 0.0996875