0 0.2562571292775665 0.6952467948717949 0.05544914448669202 0.13942307692307693
0 0.31131178707224333 0.696849358974359 0.056242870722433454 0.1233974358974359
0 0.36161359315589353 0.7035256410256411 0.06178707224334601 0.1207275641025641
0 0.41310123574144486 0.7483974358974359 0.08238355513307985 0.21047115384615384
0 0.470532319391635 0.7350416666666666 0.06257842205323194 0.20299038461538463
0 0.5331107414448669 0.7283653846153846 0.06574857414448669 0.20566346153846152
0 0.6180679657794677 0.6864326923076923 0.05980750950570342 0.22115384615384615
0 0.6719344106463878 0.649573717948718 0.05663735741444867 0.20512820512820512
0 0.7069866920152091 0.6180544871794872 0.050696292775665404 0.19978525641025643
0 0.7343155893536122 0.5857371794871795 0.04356701520912548 0.18322756410256408
0 0.7553065589353612 0.5349903846153846 0.04911359315589353 0.1778846153846154