0 0.5202400190114068 0.7307692307692307 0.1627851711026616 0.21367628205128203
0 0.5362808935361217 0.9097211538461538 0.16872623574144488 0.1805544871794872
0 0.5509339353612167 0.6268685897435897 0.14100047528517112 0.26549038461538466
0 0.5693512357414449 0.5205673076923077 0.13743583650190114 0.24519230769230768
0 0.5830156844106463 0.4425737179487179 0.1386240494296578 0.2430544871794872
0 0.5875712927756654 0.3488237179487179 0.11684173003802281 0.2382467948717949
0 0.5699453422053232 0.2478621794871795 0.10297766159695818 0.17093910256410258
0 0.5414282319391635 0.15544871794871795 0.0839662547528517 0.15277884615384615
0 0.10139496197718631 0.16933653846153848 0.09268060836501901 0.16132371794871794
0 0.12476235741444867 0.1578525641025641 0.0966421102661597 0.16720192307692305
0 0.22318678707224335 0.14102564102564102 0.10099809885931559 0.17521474358974357
0 0.2744771863117871 0.13034294871794871 0.10139496197718631 0.19230769230769232
0 0.317055608365019 0.12740384615384615 0.08911596958174905 0.1960480769230769
0 0.39745722433460073 0.11057692307692307 0.10733602661596958 0.22115384615384615
0 0.5834125475285171 0.4206730769230769 0.129912072243346 0.14797115384615386