0 0.20754039923954373 0.9209391025641025 0.1148597908745247 0.15811858974358975
0 0.3119058935361217 0.8936955128205128 0.1120888783269962 0.21260576923076924
0 0.3798312737642585 0.8231826923076923 0.10297766159695818 0.2382467948717949
0 0.44736216730038025 0.7305032051282051 0.09307747148288974 0.2483974358974359
0 0.5232105513307985 0.6458333333333334 0.08079847908745247 0.22970192307692305
0 0.564203897338403 0.5982916666666667 0.06297528517110267 0.23717948717948717
0 0.6083650190114068 0.5507467948717949 0.05307271863117871 0.23183653846153848
0 0.6527257604562737 0.4893173076923077 0.0594106463878327 0.23076923076923078
0 0.6915399239543726 0.4577980769230769 0.06257842205323194 0.21901602564102565
0 0.7190660646387832 0.4123942307692308 0.06218393536121673 0.21153846153846154
0 0.7612476235741444 0.36645192307692304 0.056242870722433454 0.20299038461538463
0 0.7927352661596958 0.3269230769230769 0.043172528517110266 0.18162499999999998
0 0.8190755703422054 0.3050224358974359 0.054657794676806086 0.1891025641025641