0 0.068125 0.8239839743589743 0.08317490494296578 0.21314102564102563
0 0.12080085551330798 0.8501602564102564 0.0966421102661597 0.22489423076923076
0 0.1845698669201521 0.864048076923077 0.10218631178707224 0.22061858974358975
0 0.25249524714828897 0.8736634615384615 0.10258317490494297 0.22061858974358975
0 0.36359315589353614 0.8627147435897436 0.08000712927756655 0.22756410256410256
0 0.4434006653992395 0.833599358974359 0.06693678707224335 0.2494647435897436
0 0.5067728136882129 0.8026185897435898 0.059013783269961984 0.24519230769230768
0 0.5636097908745248 0.7604166666666666 0.057034220532319393 0.20566346153846152
0 0.6152970532319392 0.6931089743589743 0.06535171102661597 0.22489423076923076
0 0.649555608365019 0.6613237179487179 0.056242870722433454 0.20299038461538463
0 0.6772813688212928 0.6095096153846155 0.04356701520912548 0.1891025641025641
0 0.7071839353612167 0.5539519230769231 0.04792538022813688 0.1869647435897436
0 0.7335242395437263 0.5016025641025641 0.03881416349809886 0.1848301282051282
0 0.753129752851711 0.4610032051282051 0.046340304182509506 0.16132371794871794