0 0.11406844106463879 0.358974358974359 0.15605275665399237 0.15598397435897438
0 0.19862880228136884 0.33947756410256413 0.13743583650190114 0.15224358974358973
0 0.2621981939163498 0.3269230769230769 0.13387119771863118 0.14957371794871796
0 0.3208174904942966 0.32665705128205125 0.12278279467680607 0.15224358974358973
0 0.402407319391635 0.32051282051282054 0.057825570342205326 0.13034294871794871
0 0.46954134980988593 0.34641987179487177 0.08594819391634981 0.10202884615384615
0 0.5299429657794676 0.38408012820512816 0.07208412547528517 0.1292724358974359
0 0.6016326045627377 0.4532596153846154 0.07604562737642585 0.11698717948717949
0 0.6887666349809886 0.5707788461538461 0.08238355513307985 0.10202884615384615
0 0.7355038022813688 0.6704070512820514 0.08871910646387832 0.09294871794871795
0 0.7757057984790875 0.7788461538461539 0.11050380228136882 0.12393269230769231
0 0.8026378326996197 0.8856826923076923 0.11367157794676806 0.11324679487179487
0 0.8163022813688213 0.9738237179487179 0.10773051330798479 0.05234935897435898