0 0.22378089353612166 0.08760576923076922 0.07604562737642585 0.07478525641025642
0 0.2071459125475285 0.4951923076923077 0.028517110266159697 0.10149679487179487
0 0.1782319391634981 0.5582275641025641 0.0942656844106464 0.04807692307692308
0 0.17902328897338404 0.5950865384615385 0.09584838403041825 0.04487179487179487
0 0.17763783269961977 0.6274038461538461 0.09545389733840305 0.04861217948717948
0 0.1738759505703422 0.6637275641025641 0.0903041825095057 0.04433653846153847
0 0.17684648288973384 0.697650641025641 0.07961026615969581 0.04487179487179487
0 0.1758555133079848 0.7382467948717949 0.09584838403041825 0.03632371794871795
0 0.18377614068441064 0.782051282051282 0.08951283269961978 0.04700961538461538
0 0.6493583650190115 0.8587083333333334 0.13505941064638785 0.08173076923076923
0 0.5636097908745248 0.8568365384615384 0.10931558935361217 0.09401602564102564
0 0.4962761406844106 0.8651185897435898 0.04911359315589353 0.08173076923076923
0 0.45033269961977185 0.8680544871794872 0.05544914448669202 0.08440064102564102
0 0.4134980988593156 0.8664519230769231 0.04356701520912548 0.068375
0 0.3736929657794677 0.8760673076923077 0.030496673003802283 0.07478525641025642
0 0.3402257604562738 0.8717948717948718 0.03326996197718631 0.06624038461538462
0 0.19189638783269963 0.8103621794871795 0.10891872623574145 0.03311858974358974