0 0.3962820512820513 0.37907794676806084 0.24960576923076921 0.44790636882129276
0 0.1121826923076923 0.4129729087452471 0.2243653846153846 0.42336977186311786
0 0.08133333333333333 0.6598003802281369 0.07404166666666666 0.10854562737642585
0 0.24848397435897435 0.6591753802281368 0.06955128205128205 0.08733602661596958
0 0.32813141025641024 0.6446197718631178 0.06506410256410257 0.08151378326996198
0 0.3878685897435898 0.6348479087452472 0.06338141025641025 0.07361216730038023
0 0.9232596153846154 0.5610266159695818 0.041506410256410255 0.07402804182509505
0 0.9804711538461539 0.5560361216730039 0.03477564102564103 0.079018536121673
0 0.8346346153846154 0.5793274714828898 0.04823717948717949 0.06737404942965779
0 0.5813846153846154 0.6225784220532319 0.02748397435897436 0.06072005703422053
0 0.622048076923077 0.6186264258555133 0.02467948717948718 0.05614543726235741