0 0.14199144486692014 0.8985032051282051 0.07168963878326996 0.15811858974358975
0 0.19922290874524715 0.8993044871794872 0.06495484790874524 0.15010576923076924
0 0.25190114068441066 0.9102564102564102 0.06574857414448669 0.14957371794871796
0 0.3119058935361217 0.912926282051282 0.07406606463878328 0.17414423076923077
0 0.37626663498098856 0.9097211538461538 0.06574857414448669 0.1805544871794872
0 0.43686549429657795 0.9001057692307692 0.07763070342205323 0.19978525641025643
0 0.5301402091254752 0.8669871794871795 0.06456036121673005 0.22329166666666667
0 0.5786596958174905 0.8325320512820513 0.060201996197718634 0.22168910256410254
0 0.6109386882129277 0.787125 0.0550546577946768 0.20138782051282053
0 0.6436145437262357 0.7569455128205128 0.044360741444866916 0.18269230769230768
0 0.6652019961977187 0.6955128205128205 0.055846007604562736 0.18162499999999998
0 0.6741135931558936 0.6025641025641025 0.040399239543726234 0.053419871794871794
0 0.6741135931558936 0.5702467948717949 0.030893536121673004 0.049679487179487176