0 0.6774786121673003 0.7435897435897436 0.16357652091254754 0.08547115384615385
0 0.5814329847908746 0.7451923076923077 0.11961264258555132 0.07585576923076923
0 0.5081582699619772 0.7419871794871795 0.05544914448669202 0.06303525641025641
0 0.46855275665399243 0.7524038461538461 0.07129277566539924 0.061432692307692306
0 0.42815351711026617 0.7470608974358974 0.04752851711026616 0.057157051282051285
0 0.3931012357414449 0.7521378205128205 0.046340304182509506 0.057692307692307696
0 0.2378398288973384 0.3870192307692308 0.03604325095057034 0.10630448717948718
0 0.21249287072243345 0.44016987179487177 0.09386882129277567 0.0619647435897436
0 0.21031368821292776 0.47302243589743587 0.12040636882129278 0.05395192307692308
0 0.20437262357414449 0.5096153846153846 0.09901853612167301 0.04059935897435898
0 0.1980346958174905 0.5491442307692308 0.09584838403041825 0.04914423076923077
0 0.20199619771863117 0.5803942307692308 0.09901853612167301 0.05074679487179488
0 0.20298716730038022 0.6159198717948718 0.09386882129277567 0.05448717948717949
0 0.21011644486692013 0.6634615384615384 0.1033745247148289 0.04059935897435898