0 0.5119225285171103 0.667201923076923 0.05109315589353612 0.21474358974358973
0 0.45290636882129276 0.6896378205128205 0.05663735741444867 0.21474358974358973
0 0.3748811787072243 0.7029903846153845 0.06693678707224335 0.20299038461538463
0 0.32042062737642585 0.6971153846153846 0.06495484790874524 0.1912403846153846
0 0.2742799429657795 0.6920416666666667 0.06535171102661597 0.1907051282051282
0 0.23506891634980986 0.6794871794871795 0.06297528517110267 0.18162499999999998
0 0.5592514258555132 0.6482371794871795 0.046737167300380224 0.20566346153846152
0 0.596879752851711 0.6362179487179487 0.05228136882129278 0.1912403846153846
0 0.6396554182509506 0.5897435897435898 0.04277566539923954 0.1965801282051282
0 0.6709434410646388 0.5662403846153846 0.04198431558935361 0.17307692307692307
0 0.68956036121673 0.541400641025641 0.04277566539923954 0.17147435897435898
0 0.7016397338403042 0.509349358974359 0.04475522813688213 0.17147435897435898
0 0.7271863117870723 0.48023397435897436 0.04356701520912548 0.16773397435897439
0 0.7420389733840305 0.45566346153846154 0.030496673003802283 0.15064102564102563