0 0.5584600760456274 0.8349358974358975 0.12911834600760458 0.07585576923076923
0 0.4637999049429658 0.8354711538461539 0.06178707224334601 0.07692307692307693
0 0.4218155893536122 0.8301282051282052 0.04119058935361217 0.07906089743589743
0 0.2000166349809886 0.48824679487179484 0.03802281368821293 0.09401602564102564
0 0.17644961977186313 0.5440705128205128 0.08753089353612167 0.035791666666666666
0 0.17447005703422053 0.5774583333333334 0.08198669201520913 0.028846153846153848
0 0.1742704372623574 0.6089743589743589 0.08951283269961978 0.03418910256410256
0 0.17466730038022812 0.6436955128205128 0.09347195817490495 0.03311858974358974
0 0.1695175855513308 0.6762820512820513 0.08475998098859316 0.027778846153846154
0 0.17189401140684413 0.7088685897435898 0.08475998098859316 0.035256410256410256
0 0.1720936311787072 0.7548076923076923 0.09624524714828897 0.03739423076923077
0 0.18139971482889736 0.7839198717948718 0.09901853612167301 0.034721153846153846