0 0.41468631178707227 0.6017628205128205 0.09188925855513308 0.26656089743589745
0 0.4990494296577947 0.6028301282051282 0.0815898288973384 0.28792628205128207
0 0.5840066539923955 0.5998942307692308 0.07089591254752851 0.27884615384615385
0 0.6509434410646388 0.5932147435897436 0.08436311787072244 0.255875
0 0.7396625475285171 0.5480769230769231 0.0970365969581749 0.2777788461538461
0 0.7978849809885932 0.5251057692307692 0.09466017110266159 0.24465705128205129
0 0.8555133079847909 0.48691346153846154 0.0815898288973384 0.22916666666666666
0 0.9054182509505704 0.4425737179487179 0.09109553231939163 0.2494647435897436
0 0.3148764258555133 0.5721153846153846 0.0966421102661597 0.2553429487179487
0 0.25190114068441066 0.5536858974358975 0.08475998098859316 0.260150641025641
0 0.20239306083650188 0.5162916666666666 0.08555133079847908 0.2622852564102564