0 0.34319629277566543 0.9073173076923077 0.08436311787072244 0.1853621794871795
0 0.10198906844106465 0.8974358974358975 0.18179657794676807 0.1944455128205128
0 0.1964519961977186 0.8728621794871795 0.10693916349809886 0.22863141025641026
0 0.41389496197718634 0.9153301282051282 0.08079847908745247 0.16933653846153848
0 0.5083578897338403 0.9153301282051282 0.08911596958174905 0.16933653846153848
0 0.5948978136882129 0.9025096153846154 0.08951283269961978 0.19497756410256412
0 0.7206511406844106 0.8760673076923077 0.10654230038022813 0.2478621794871795
0 0.7937262357414449 0.8151698717948718 0.09584838403041825 0.2542724358974359
0 0.8481867870722434 0.756676282051282 0.08911596958174905 0.2430544871794872
0 0.8925451520912547 0.7088685897435898 0.06693678707224335 0.22115384615384615
0 0.9014567490494296 0.5926826923076923 0.10852423954372624 0.20993589743589744
0 0.9006653992395437 0.5384615384615384 0.1148597908745247 0.18162499999999998
0 0.906606463878327 0.48370833333333335 0.10773051330798479 0.1971153846153846