0 0.06396625475285171 0.604701923076923 0.1279301330798479 0.2948717948717949
0 0.1382295627376426 0.6116442307692308 0.09505703422053231 0.2638878205128205
0 0.23427519011406844 0.5988237179487179 0.10495960076045628 0.25106730769230773
0 0.3473550380228137 0.5723814102564102 0.08079847908745247 0.2462596153846154
0 0.4560765209125475 0.5745192307692307 0.07961026615969581 0.26976602564102564
0 0.5580632129277566 0.5643685897435897 0.08238355513307985 0.26869551282051285
0 0.6208412547528517 0.569176282051282 0.08753089353612167 0.2590801282051282
0 0.7246126425855514 0.5470096153846155 0.12238593155893536 0.2948717948717949
0 0.8097671102661597 0.5392628205128205 0.1231772813688213 0.26976602564102564
0 0.8666040874524715 0.540599358974359 0.13545627376425856 0.2692307692307692
0 0.9521150190114068 0.532051282051282 0.09576996197718632 0.2393173076923077