0 0.38616920152091255 0.6658653846153846 0.05861929657794677 0.22809935897435896
0 0.3705251901140685 0.6022980769230769 0.039211026615969584 0.20352564102564102
0 0.34220532319391633 0.5544871794871795 0.04198431558935361 0.16880448717948718
0 0.805805608365019 0.4310897435897436 0.025743821292775665 0.1143173076923077
0 0.8264020912547528 0.4236121794871795 0.028120247148288972 0.11217948717948718
0 0.8446221482889734 0.42467948717948717 0.024952471482889736 0.10790705128205129
0 0.8683864068441065 0.4265480769230769 0.02970532319391635 0.10202884615384615
0 0.8840304182509505 0.422275641025641 0.02455560836501901 0.09348397435897436
0 0.9010622623574145 0.4166666666666667 0.02376425855513308 0.09829166666666667
0 0.9220532319391636 0.42120833333333335 0.034061311787072245 0.09775641025641026
0 0.9531440114068441 0.4161314102564102 0.03129039923954372 0.09722115384615385