0 0.0970365969581749 0.8060897435897436 0.07921340304182509 0.13995833333333335
0 0.1469415399239544 0.7943365384615384 0.06495484790874524 0.1805544871794872
0 0.1782319391634981 0.8269230769230769 0.06099572243346008 0.1944455128205128
0 0.2087286121673004 0.8573717948717948 0.060201996197718634 0.1912403846153846
0 0.2554657794676806 0.8776698717948718 0.07287785171102662 0.19337500000000002
0 0.3101235741444867 0.8915608974358975 0.06337214828897339 0.1891025641025641
0 0.3628018060836502 0.9033108974358974 0.06891634980988594 0.19337500000000002
0 0.4582533269961977 0.8966346153846154 0.053866444866920146 0.20459294871794872
0 0.5218227186311787 0.8822115384615384 0.051884505703422054 0.22275641025641027
0 0.5786596958174905 0.8557692307692307 0.053866444866920146 0.21367628205128203
0 0.624009030418251 0.8354711538461539 0.052678231939163496 0.1987179487179487
0 0.6677756653992395 0.7793814102564103 0.05307271863117871 0.20833333333333334
0 0.6984719581749049 0.7459935897435898 0.05109315589353612 0.1768173076923077
0 0.7313450570342205 0.7029903846153845 0.032873098859315594 0.16452884615384616