0 0.04475522813688213 0.6276698717948718 0.04594344106463879 0.16773397435897439
0 0.09802756653992395 0.6746794871794872 0.07881891634980989 0.21688141025641025
0 0.14100047528517112 0.681625 0.0815898288973384 0.21794871794871795
0 0.1913022813688213 0.6920416666666667 0.08238355513307985 0.22275641025641027
0 0.2546744296577947 0.6971153846153846 0.08079847908745247 0.2489326923076923
0 0.3196292775665399 0.6893685897435897 0.06970769961977186 0.255875
0 0.42379515209125473 0.6522435897435898 0.07366920152091255 0.26816346153846154
0 0.4887523764258555 0.6284711538461538 0.0594106463878327 0.255875
0 0.5390518060836502 0.5958878205128205 0.06337214828897339 0.23557692307692307
0 0.5756891634980988 0.5729166666666666 0.04000237642585552 0.21527884615384615
0 0.6196530418250951 0.5128205128205128 0.061390209125475284 0.21367628205128203
0 0.6408436311787072 0.47676282051282054 0.04515209125475285 0.18322756410256408