0 0.5174667300380228 0.8392083333333333 0.18021150190114069 0.15491346153846153
0 0.5861858365019011 0.7040608974358975 0.054657794676806086 0.21153846153846154
0 0.6321292775665399 0.6346153846153846 0.048319866920152096 0.15598397435897438
0 0.40498336501901144 0.2483974358974359 0.027328897338403043 0.1143173076923077
0 0.4376592205323194 0.2708333333333333 0.02376425855513308 0.13995833333333335
0 0.470532319391635 0.2876602564102564 0.02297290874524715 0.13835576923076923
0 0.4909291825095057 0.29407051282051283 0.028913973384030418 0.13835576923076923
0 0.5851948669201521 0.3469551282051282 0.0352495247148289 0.15438141025641025
0 0.5592514258555132 0.328525641025641 0.03247861216730038 0.15277884615384615
0 0.5321221482889734 0.31810897435897434 0.027328897338403043 0.15438141025641025
0 0.5144961977186312 0.31169871794871795 0.03168488593155894 0.13515064102564103
0 0.6087618821292776 0.3688557692307692 0.04277566539923954 0.1789519230769231
0 0.6392585551330798 0.3696570512820513 0.029308460076045626 0.15170833333333333
0 0.6665874524714829 0.3766025641025641 0.03643773764258555 0.15918910256410257