0 0.7790708174904942 0.7206185897435897 0.15525903041825095 0.11645192307692308
0 0.778476711026616 0.8870192307692307 0.16120009505703423 0.10630448717948718
0 0.7743179657794677 0.9610032051282051 0.1742704372623574 0.07799038461538461
0 0.7562975285171103 0.630875 0.16437024714828896 0.12286217948717948
0 0.7279776615969582 0.5475416666666666 0.1433769011406844 0.09722115384615385
0 0.7117395437262357 0.4858429487179487 0.12040636882129278 0.08600320512820513
0 0.6661905893536122 0.43002243589743594 0.1386240494296578 0.09935897435897435
0 0.6255941064638784 0.3803429487179487 0.08832461977186312 0.05128205128205128
0 0.5925213878326996 0.35843910256410255 0.08634268060836502 0.05234935897435898
0 0.5628160646387832 0.3498942307692308 0.10773051330798479 0.08653846153846154
0 0.5247932509505703 0.3189102564102564 0.07921340304182509 0.050214743589743586