0 0.11070104562737643 0.8974358974358975 0.042378802281368824 0.08547115384615385
0 0.14575332699619772 0.8888878205128204 0.04198431558935361 0.08760576923076922
0 0.18555846007604565 0.8942307692307693 0.05980750950570342 0.1111121794871795
0 0.23645437262357413 0.9161314102564102 0.07287785171102662 0.15491346153846153
0 0.28022100760456276 0.8907596153846155 0.0724809885931559 0.15224358974358973
0 0.324184885931559 0.8699262820512821 0.0748574144486692 0.14262820512820512
0 0.3913189163498099 0.8242532051282051 0.06891634980988594 0.15064102564102563
0 0.42934173003802284 0.787926282051282 0.06416349809885931 0.16773397435897439
0 0.4590470532319392 0.7561442307692308 0.057034220532319393 0.15865384615384615
0 0.4810289923954373 0.7305032051282051 0.05109315589353612 0.15224358974358973
0 0.5073669201520913 0.6829583333333333 0.04911359315589353 0.16613141025641026