0 0.11010693916349809 0.8592403846153845 0.10060123574144486 0.2622852564102564
0 0.05129039923954373 0.8517628205128205 0.10258317490494297 0.26656089743589745
0 0.22496910646387833 0.8579070512820514 0.08951283269961978 0.28205128205128205
0 0.3099263307984791 0.8477564102564102 0.0724809885931559 0.3002147435897436
0 0.38022813688212925 0.8154391025641026 0.07525427756653993 0.27724358974358976
0 0.4384505703422053 0.7924679487179487 0.06970769961977186 0.24412499999999998
0 0.5182580798479087 0.7366442307692308 0.05426093155893536 0.2574775641025641
0 0.5608365019011406 0.7080673076923077 0.07208412547528517 0.22916666666666666
0 0.5992561787072244 0.667201923076923 0.06653992395437262 0.21474358974358973
0 0.633120247148289 0.6212596153846154 0.05346958174904943 0.20619551282051282
0 0.6673788022813688 0.5865384615384616 0.044360741444866916 0.1944455128205128
0 0.7006487642585552 0.5446057692307692 0.0396078897338403 0.15224358974358973
0 0.7228303231939164 0.524573717948718 0.03802281368821293 0.1346153846153846
0 0.7473859315589354 0.5 0.03643773764258555 0.16239423076923076
0 0.7610503802281369 0.4893173076923077 0.04475522813688213 0.17307692307692307
0 0.9270033269961977 0.318375 0.03604325095057034 0.1260673076923077
0 0.780259030418251 0.4676826923076923 0.037231463878326994 0.1330128205128205
0 0.8056083650190115 0.4321570512820513 0.02455560836501901 0.12286217948717948