0 0.8590779467680608 0.7729711538461539 0.09347195817490495 0.15705128205128205
0 0.877495247148289 0.6477019230769231 0.05030180608365019 0.17254166666666668
0 0.8903683460076046 0.6052339743589743 0.03564638783269962 0.17414423076923077
0 0.6170793726235742 0.3034198717948718 0.03564638783269962 0.1282051282051282
0 0.6521316539923955 0.3127660256410257 0.0439638783269962 0.1372852564102564
0 0.684013783269962 0.32345192307692305 0.034855038022813686 0.13942307692307693
0 0.7137191064638783 0.3247852564102564 0.046737167300380224 0.1388878205128205
0 0.7438212927756654 0.32371794871794873 0.04356701520912548 0.13034294871794871
0 0.7895674904942965 0.3501602564102564 0.030496673003802283 0.14156089743589745
0 0.8099643536121672 0.3592403846153846 0.03010218631178707 0.1340801282051282
0 0.8386810836501901 0.37580128205128205 0.046340304182509506 0.14156089743589745
0 0.8681867870722433 0.40358012820512823 0.04198431558935361 0.14583333333333334