0 0.25685123574144486 0.5884070512820513 0.059013783269961984 0.1372852564102564
0 0.3158673954372624 0.6260673076923077 0.08673954372623574 0.23504166666666668
0 0.374287072243346 0.6479711538461539 0.08713640684410646 0.2467948717948718
0 0.437856463878327 0.6370192307692307 0.08357176806083651 0.2537403846153846
0 0.5103374524714829 0.6314102564102564 0.07564876425855513 0.2585480769230769
0 0.6075736692015209 0.5974903846153846 0.06891634980988594 0.2644230769230769
0 0.6693607414448669 0.5702467948717949 0.06416349809885931 0.27403846153846156
0 0.7234244296577947 0.5328525641025641 0.06297528517110267 0.2505352564102564
0 0.7610503802281369 0.5053429487179487 0.059013783269961984 0.24358974358974358
0 0.7998645437262357 0.4356314102564103 0.052678231939163496 0.22275641025641027
0 0.8242229087452472 0.3766025641025641 0.04911359315589353 0.14636858974358974