0 0.7941230988593156 0.6997852564102564 0.12357414448669202 0.3311955128205128
0 0.35270199619771864 0.8856826923076923 0.12713878326996197 0.22863141025641026
0 0.21645199619771865 0.8776698717948718 0.13981226235741445 0.24465705128205129
0 0.0815898288973384 0.8672532051282051 0.16318203422053232 0.26549038461538466
0 0.8289757604562737 0.32879166666666665 0.04911359315589353 0.10523397435897436
0 0.8099643536121672 0.24599358974358973 0.053866444866920146 0.1639967948717949
0 0.24437499999999998 0.12125961538461538 0.04119058935361217 0.12286217948717948
0 0.275268536121673 0.12125961538461538 0.03010218631178707 0.12286217948717948
0 0.30497385931558935 0.12099358974358974 0.04198431558935361 0.13194551282051284
0 0.3378493346007605 0.12874038461538462 0.028517110266159697 0.125
0 0.3612167300380228 0.12980769230769232 0.029308460076045626 0.13354807692307694
0 0.38379277566539927 0.12713782051282052 0.03168488593155894 0.1282051282051282
0 0.41825095057034223 0.13541666666666666 0.029308460076045626 0.12874038461538462
0 0.44637119771863115 0.13381410256410256 0.0396078897338403 0.13194551282051284
0 0.4770674904942966 0.1324775641025641 0.028120247148288972 0.1260673076923077
0 0.5160812737642586 0.1346153846153846 0.028517110266159697 0.13675320512820513
0 0.5465779467680608 0.13835576923076923 0.03881416349809886 0.125
0 0.5758864068441064 0.14156089743589745 0.037231463878326994 0.125